0.198228 2.89322 83.2292 -4.16493 83.3333 
0.63116 6.77065 83.2292 -4.16493 83.3333 
1.27775 10.8248 83.2292 -4.16493 83.3333 
2.26499 15.8389 83.2292 -4.16493 83.3333 
3.89606 21.5507 83.2292 -4.16493 83.3333 
6.55322 28.2499 83.2292 -4.16493 83.3333 
10.1468 35.6855 83.2292 -4.16493 83.3333 
14.8009 43.765 83.2292 -4.16493 83.3333 

0.0533795 -2.89951 83.3333 0 83.3333 
0.29198 -6.79373 83.3333 0 83.3333 
0.735139 -10.8752 83.3333 0 83.3333 
1.47054 -15.9323 83.3333 0 83.3333 
2.81411 -21.7184 83.3333 0 83.3333 
5.13312 -28.5421 83.3333 0 83.3333 
8.35061 -36.148 83.3333 0 83.3333 
12.5951 -44.45 83.3333 0 83.3333 

0.198228 2.89322 83.2292 -4.16493 83.3333 
0.63116 6.77065 83.2292 -4.16493 83.3333 
1.27775 10.8248 83.2292 -4.16493 83.3333 
2.26499 15.8389 83.2292 -4.16493 83.3333 
3.89606 21.5507 83.2292 -4.16493 83.3333 
6.55322 28.2499 83.2292 -4.16493 83.3333 
10.1468 35.6855 83.2292 -4.16493 83.3333 
14.8009 43.765 83.2292 -4.16493 83.3333 

0.0533795 2.89951 83.3333 0 83.3333 
0.29198 6.79373 83.3333 0 83.3333 
0.735139 10.8752 83.3333 0 83.3333 
1.47054 15.9323 83.3333 0 83.3333 
2.81411 21.7184 83.3333 0 83.3333 
5.13312 28.5421 83.3333 0 83.3333 
8.35061 36.148 83.3333 0 83.3333 
12.5951 44.45 83.3333 0 83.3333 

-0.0916022 -2.89855 83.2292 -4.16493 83.3333 
-0.0479297 -6.79983 83.2292 -4.16493 83.3333 
0.190687 -10.8983 83.2292 -4.16493 83.3333 
0.672423 -15.9859 83.2292 -4.16493 83.3333 
1.72512 -21.8319 83.2292 -4.16493 83.3333 
3.7002 -28.763 83.2292 -4.16493 83.3333 
6.53353 -36.5202 83.2292 -4.16493 83.3333 
10.3578 -45.024 83.2292 -4.16493 83.3333 

0.0533795 2.89951 83.3333 0 83.3333 
0.29198 6.79373 83.3333 0 83.3333 
0.735139 10.8752 83.3333 0 83.3333 
1.47054 15.9323 83.3333 0 83.3333 
2.81411 21.7184 83.3333 0 83.3333 
5.13312 28.5421 83.3333 0 83.3333 
8.35061 36.148 83.3333 0 83.3333 
12.5951 44.45 83.3333 0 83.3333 

0.0533795 2.89951 83.3333 0 83.3333 
0.29198 6.79373 83.3333 0 83.3333 
0.735139 10.8752 83.3333 0 83.3333 
1.47054 15.9323 83.3333 0 83.3333 
2.81411 21.7184 83.3333 0 83.3333 
5.13312 28.5421 83.3333 0 83.3333 
8.35061 36.148 83.3333 0 83.3333 
12.5951 44.45 83.3333 0 83.3333 

0.0533795 2.89951 83.3333 0 83.3333 
0.29198 6.79373 83.3333 0 83.3333 
0.735139 10.8752 83.3333 0 83.3333 
1.47054 15.9323 83.3333 0 83.3333 
2.81411 21.7184 83.3333 0 83.3333 
5.13312 28.5421 83.3333 0 83.3333 
8.35061 36.148 83.3333 0 83.3333 
12.5951 44.45 83.3333 0 83.3333 

0.0533795 2.89951 83.3333 0 83.3333 
0.29198 6.79373 83.3333 0 83.3333 
0.735139 10.8752 83.3333 0 83.3333 
1.47054 15.9323 83.3333 0 83.3333 
2.81411 21.7184 83.3333 0 83.3333 
5.13312 28.5421 83.3333 0 83.3333 
8.35061 36.148 83.3333 0 83.3333 
12.5951 44.45 83.3333 0 83.3333 

-0.0916022 -2.89855 83.2292 -4.16493 83.3333 
-0.0479297 -6.79983 83.2292 -4.16493 83.3333 
0.190687 -10.8983 83.2292 -4.16493 83.3333 
0.672423 -15.9859 83.2292 -4.16493 83.3333 
1.72512 -21.8319 83.2292 -4.16493 83.3333 
3.7002 -28.763 83.2292 -4.16493 83.3333 
6.53353 -36.5202 83.2292 -4.16493 83.3333 
10.3578 -45.024 83.2292 -4.16493 83.3333 

0.198228 2.89322 83.2292 -4.16493 83.3333 
0.63116 6.77065 83.2292 -4.16493 83.3333 
1.27775 10.8248 83.2292 -4.16493 83.3333 
2.26499 15.8389 83.2292 -4.16493 83.3333 
3.89606 21.5507 83.2292 -4.16493 83.3333 
6.55322 28.2499 83.2292 -4.16493 83.3333 
10.1468 35.6855 83.2292 -4.16493 83.3333 
14.8009 43.765 83.2292 -4.16493 83.3333 

0.0533795 -2.89951 83.3333 0 83.3333 
0.29198 -6.79373 83.3333 0 83.3333 
0.735139 -10.8752 83.3333 0 83.3333 
1.47054 -15.9323 83.3333 0 83.3333 
2.81411 -21.7184 83.3333 0 83.3333 
5.13312 -28.5421 83.3333 0 83.3333 
8.35061 -36.148 83.3333 0 83.3333 
12.5951 -44.45 83.3333 0 83.3333 

0.0533795 -2.89951 83.3333 0 83.3333 
0.29198 -6.79373 83.3333 0 83.3333 
0.735139 -10.8752 83.3333 0 83.3333 
1.47054 -15.9323 83.3333 0 83.3333 
2.81411 -21.7184 83.3333 0 83.3333 
5.13312 -28.5421 83.3333 0 83.3333 
8.35061 -36.148 83.3333 0 83.3333 
12.5951 -44.45 83.3333 0 83.3333 

0.0533795 2.89951 83.3333 0 83.3333 
0.29198 6.79373 83.3333 0 83.3333 
0.735139 10.8752 83.3333 0 83.3333 
1.47054 15.9323 83.3333 0 83.3333 
2.81411 21.7184 83.3333 0 83.3333 
5.13312 28.5421 83.3333 0 83.3333 
8.35061 36.148 83.3333 0 83.3333 
12.5951 44.45 83.3333 0 83.3333 

0.0533795 -2.89951 83.3333 0 83.3333 
0.29198 -6.79373 83.3333 0 83.3333 
0.735139 -10.8752 83.3333 0 83.3333 
1.47054 -15.9323 83.3333 0 83.3333 
2.81411 -21.7184 83.3333 0 83.3333 
5.13312 -28.5421 83.3333 0 83.3333 
8.35061 -36.148 83.3333 0 83.3333 
12.5951 -44.45 83.3333 0 83.3333 

-0.0916022 -2.89855 83.2292 -4.16493 83.3333 
-0.0479297 -6.79983 83.2292 -4.16493 83.3333 
0.190687 -10.8983 83.2292 -4.16493 83.3333 
0.672423 -15.9859 83.2292 -4.16493 83.3333 
1.72512 -21.8319 83.2292 -4.16493 83.3333 
3.7002 -28.763 83.2292 -4.16493 83.3333 
6.53353 -36.5202 83.2292 -4.16493 83.3333 
10.3578 -45.024 83.2292 -4.16493 83.3333 

-0.0916022 -2.89855 83.2292 -4.16493 83.3333 
-0.0479297 -6.79983 83.2292 -4.16493 83.3333 
0.190687 -10.8983 83.2292 -4.16493 83.3333 
0.672423 -15.9859 83.2292 -4.16493 83.3333 
1.72512 -21.8319 83.2292 -4.16493 83.3333 
3.7002 -28.763 83.2292 -4.16493 83.3333 
6.53353 -36.5202 83.2292 -4.16493 83.3333 
10.3578 -45.024 83.2292 -4.16493 83.3333 

0.0533795 -2.89951 83.3333 0 83.3333 
0.29198 -6.79373 83.3333 0 83.3333 
0.735139 -10.8752 83.3333 0 83.3333 
1.47054 -15.9323 83.3333 0 83.3333 
2.81411 -21.7184 83.3333 0 83.3333 
5.13312 -28.5421 83.3333 0 83.3333 
8.35061 -36.148 83.3333 0 83.3333 
12.5951 -44.45 83.3333 0 83.3333 

-0.0916022 -2.89855 83.2292 -4.16493 83.3333 
-0.0479297 -6.79983 83.2292 -4.16493 83.3333 
0.190687 -10.8983 83.2292 -4.16493 83.3333 
0.672423 -15.9859 83.2292 -4.16493 83.3333 
1.72512 -21.8319 83.2292 -4.16493 83.3333 
3.7002 -28.763 83.2292 -4.16493 83.3333 
6.53353 -36.5202 83.2292 -4.16493 83.3333 
10.3578 -45.024 83.2292 -4.16493 83.3333 

0.198228 2.89322 83.2292 -4.16493 83.3333 
0.63116 6.77065 83.2292 -4.16493 83.3333 
1.27775 10.8248 83.2292 -4.16493 83.3333 
2.26499 15.8389 83.2292 -4.16493 83.3333 
3.89606 21.5507 83.2292 -4.16493 83.3333 
6.55322 28.2499 83.2292 -4.16493 83.3333 
10.1468 35.6855 83.2292 -4.16493 83.3333 
14.8009 43.765 83.2292 -4.16493 83.3333 

0.0533795 -2.89951 83.3333 0 83.3333 
0.29198 -6.79373 83.3333 0 83.3333 
0.735139 -10.8752 83.3333 0 83.3333 
1.47054 -15.9323 83.3333 0 83.3333 
2.81411 -21.7184 83.3333 0 83.3333 
5.13312 -28.5421 83.3333 0 83.3333 
8.35061 -36.148 83.3333 0 83.3333 
12.5951 -44.45 83.3333 0 83.3333 

0.0533795 2.89951 83.3333 0 83.3333 
0.29198 6.79373 83.3333 0 83.3333 
0.735139 10.8752 83.3333 0 83.3333 
1.47054 15.9323 83.3333 0 83.3333 
2.81411 21.7184 83.3333 0 83.3333 
5.13312 28.5421 83.3333 0 83.3333 
8.35061 36.148 83.3333 0 83.3333 
12.5951 44.45 83.3333 0 83.3333 

0.0533795 2.89951 83.3333 0 83.3333 
0.29198 6.79373 83.3333 0 83.3333 
0.735139 10.8752 83.3333 0 83.3333 
1.47054 15.9323 83.3333 0 83.3333 
2.81411 21.7184 83.3333 0 83.3333 
5.13312 28.5421 83.3333 0 83.3333 
8.35061 36.148 83.3333 0 83.3333 
12.5951 44.45 83.3333 0 83.3333 

0.198228 2.89322 83.2292 -4.16493 83.3333 
0.63116 6.77065 83.2292 -4.16493 83.3333 
1.27775 10.8248 83.2292 -4.16493 83.3333 
2.26499 15.8389 83.2292 -4.16493 83.3333 
3.89606 21.5507 83.2292 -4.16493 83.3333 
6.55322 28.2499 83.2292 -4.16493 83.3333 
10.1468 35.6855 83.2292 -4.16493 83.3333 
14.8009 43.765 83.2292 -4.16493 83.3333 

0.198228 2.89322 83.2292 -4.16493 83.3333 
0.63116 6.77065 83.2292 -4.16493 83.3333 
1.27775 10.8248 83.2292 -4.16493 83.3333 
2.26499 15.8389 83.2292 -4.16493 83.3333 
3.89606 21.5507 83.2292 -4.16493 83.3333 
6.55322 28.2499 83.2292 -4.16493 83.3333 
10.1468 35.6855 83.2292 -4.16493 83.3333 
14.8009 43.765 83.2292 -4.16493 83.3333 

-0.0916022 -2.89855 83.2292 -4.16493 83.3333 
-0.0479297 -6.79983 83.2292 -4.16493 83.3333 
0.190687 -10.8983 83.2292 -4.16493 83.3333 
0.672423 -15.9859 83.2292 -4.16493 83.3333 
1.72512 -21.8319 83.2292 -4.16493 83.3333 
3.7002 -28.763 83.2292 -4.16493 83.3333 
6.53353 -36.5202 83.2292 -4.16493 83.3333 
10.3578 -45.024 83.2292 -4.16493 83.3333 

-0.0916022 -2.89855 83.2292 -4.16493 83.3333 
-0.0479297 -6.79983 83.2292 -4.16493 83.3333 
0.190687 -10.8983 83.2292 -4.16493 83.3333 
0.672423 -15.9859 83.2292 -4.16493 83.3333 
1.72512 -21.8319 83.2292 -4.16493 83.3333 
3.7002 -28.763 83.2292 -4.16493 83.3333 
6.53353 -36.5202 83.2292 -4.16493 83.3333 
10.3578 -45.024 83.2292 -4.16493 83.3333 

0.0533795 -2.89951 83.3333 0 83.3333 
0.29198 -6.79373 83.3333 0 83.3333 
0.735139 -10.8752 83.3333 0 83.3333 
1.47054 -15.9323 83.3333 0 83.3333 
2.81411 -21.7184 83.3333 0 83.3333 
5.13312 -28.5421 83.3333 0 83.3333 
8.35061 -36.148 83.3333 0 83.3333 
12.5951 -44.45 83.3333 0 83.3333 

0.198228 2.89322 83.2292 -4.16493 83.3333 
0.63116 6.77065 83.2292 -4.16493 83.3333 
1.27775 10.8248 83.2292 -4.16493 83.3333 
2.26499 15.8389 83.2292 -4.16493 83.3333 
3.89606 21.5507 83.2292 -4.16493 83.3333 
6.55322 28.2499 83.2292 -4.16493 83.3333 
10.1468 35.6855 83.2292 -4.16493 83.3333 
14.8009 43.765 83.2292 -4.16493 83.3333 

0.0533795 2.89951 83.3333 0 83.3333 
0.29198 6.79373 83.3333 0 83.3333 
0.735139 10.8752 83.3333 0 83.3333 
1.47054 15.9323 83.3333 0 83.3333 
2.81411 21.7184 83.3333 0 83.3333 
5.13312 28.5421 83.3333 0 83.3333 
8.35061 36.148 83.3333 0 83.3333 
12.5951 44.45 83.3333 0 83.3333 

0.198228 2.89322 83.2292 -4.16493 83.3333 
0.63116 6.77065 83.2292 -4.16493 83.3333 
1.27775 10.8248 83.2292 -4.16493 83.3333 
2.26499 15.8389 83.2292 -4.16493 83.3333 
3.89606 21.5507 83.2292 -4.16493 83.3333 
6.55322 28.2499 83.2292 -4.16493 83.3333 
10.1468 35.6855 83.2292 -4.16493 83.3333 
14.8009 43.765 83.2292 -4.16493 83.3333 

0.198228 2.89322 83.2292 -4.16493 83.3333 
0.63116 6.77065 83.2292 -4.16493 83.3333 
1.27775 10.8248 83.2292 -4.16493 83.3333 
2.26499 15.8389 83.2292 -4.16493 83.3333 
3.89606 21.5507 83.2292 -4.16493 83.3333 
6.55322 28.2499 83.2292 -4.16493 83.3333 
10.1468 35.6855 83.2292 -4.16493 83.3333 
14.8009 43.765 83.2292 -4.16493 83.3333 

0.0533795 -2.89951 83.3333 0 83.3333 
0.29198 -6.79373 83.3333 0 83.3333 
0.735139 -10.8752 83.3333 0 83.3333 
1.47054 -15.9323 83.3333 0 83.3333 
2.81411 -21.7184 83.3333 0 83.3333 
5.13312 -28.5421 83.3333 0 83.3333 
8.35061 -36.148 83.3333 0 83.3333 
12.5951 -44.45 83.3333 0 83.3333 

0.0533795 2.89951 83.3333 0 83.3333 
0.29198 6.79373 83.3333 0 83.3333 
0.735139 10.8752 83.3333 0 83.3333 
1.47054 15.9323 83.3333 0 83.3333 
2.81411 21.7184 83.3333 0 83.3333 
5.13312 28.5421 83.3333 0 83.3333 
8.35061 36.148 83.3333 0 83.3333 
12.5951 44.45 83.3333 0 83.3333 

0.198228 2.89322 83.2292 -4.16493 83.3333 
0.63116 6.77065 83.2292 -4.16493 83.3333 
1.27775 10.8248 83.2292 -4.16493 83.3333 
2.26499 15.8389 83.2292 -4.16493 83.3333 
3.89606 21.5507 83.2292 -4.16493 83.3333 
6.55322 28.2499 83.2292 -4.16493 83.3333 
10.1468 35.6855 83.2292 -4.16493 83.3333 
14.8009 43.765 83.2292 -4.16493 83.3333 

-0.0916022 -2.89855 83.2292 -4.16493 83.3333 
-0.0479297 -6.79983 83.2292 -4.16493 83.3333 
0.190687 -10.8983 83.2292 -4.16493 83.3333 
0.672423 -15.9859 83.2292 -4.16493 83.3333 
1.72512 -21.8319 83.2292 -4.16493 83.3333 
3.7002 -28.763 83.2292 -4.16493 83.3333 
6.53353 -36.5202 83.2292 -4.16493 83.3333 
10.3578 -45.024 83.2292 -4.16493 83.3333 

0.0533795 2.89951 83.3333 0 83.3333 
0.29198 6.79373 83.3333 0 83.3333 
0.735139 10.8752 83.3333 0 83.3333 
1.47054 15.9323 83.3333 0 83.3333 
2.81411 21.7184 83.3333 0 83.3333 
5.13312 28.5421 83.3333 0 83.3333 
8.35061 36.148 83.3333 0 83.3333 
12.5951 44.45 83.3333 0 83.3333 

-0.0916022 -2.89855 83.2292 -4.16493 83.3333 
-0.0479297 -6.79983 83.2292 -4.16493 83.3333 
0.190687 -10.8983 83.2292 -4.16493 83.3333 
0.672423 -15.9859 83.2292 -4.16493 83.3333 
1.72512 -21.8319 83.2292 -4.16493 83.3333 
3.7002 -28.763 83.2292 -4.16493 83.3333 
6.53353 -36.5202 83.2292 -4.16493 83.3333 
10.3578 -45.024 83.2292 -4.16493 83.3333 

0.198228 2.89322 83.2292 -4.16493 83.3333 
0.63116 6.77065 83.2292 -4.16493 83.3333 
1.27775 10.8248 83.2292 -4.16493 83.3333 
2.26499 15.8389 83.2292 -4.16493 83.3333 
3.89606 21.5507 83.2292 -4.16493 83.3333 
6.55322 28.2499 83.2292 -4.16493 83.3333 
10.1468 35.6855 83.2292 -4.16493 83.3333 
14.8009 43.765 83.2292 -4.16493 83.3333 

0.198228 2.89322 83.2292 -4.16493 83.3333 
0.63116 6.77065 83.2292 -4.16493 83.3333 
1.27775 10.8248 83.2292 -4.16493 83.3333 
2.26499 15.8389 83.2292 -4.16493 83.3333 
3.89606 21.5507 83.2292 -4.16493 83.3333 
6.55322 28.2499 83.2292 -4.16493 83.3333 
10.1468 35.6855 83.2292 -4.16493 83.3333 
14.8009 43.765 83.2292 -4.16493 83.3333 

0.198228 2.89322 83.2292 -4.16493 83.3333 
0.63116 6.77065 83.2292 -4.16493 83.3333 
1.27775 10.8248 83.2292 -4.16493 83.3333 
2.26499 15.8389 83.2292 -4.16493 83.3333 
3.89606 21.5507 83.2292 -4.16493 83.3333 
6.55322 28.2499 83.2292 -4.16493 83.3333 
10.1468 35.6855 83.2292 -4.16493 83.3333 
14.8009 43.765 83.2292 -4.16493 83.3333 

0.0533795 -2.89951 83.3333 0 83.3333 
0.29198 -6.79373 83.3333 0 83.3333 
0.735139 -10.8752 83.3333 0 83.3333 
1.47054 -15.9323 83.3333 0 83.3333 
2.81411 -21.7184 83.3333 0 83.3333 
5.13312 -28.5421 83.3333 0 83.3333 
8.35061 -36.148 83.3333 0 83.3333 
12.5951 -44.45 83.3333 0 83.3333 

0.198228 2.89322 83.2292 -4.16493 83.3333 
0.63116 6.77065 83.2292 -4.16493 83.3333 
1.27775 10.8248 83.2292 -4.16493 83.3333 
2.26499 15.8389 83.2292 -4.16493 83.3333 
3.89606 21.5507 83.2292 -4.16493 83.3333 
6.55322 28.2499 83.2292 -4.16493 83.3333 
10.1468 35.6855 83.2292 -4.16493 83.3333 
14.8009 43.765 83.2292 -4.16493 83.3333 

0.198228 2.89322 83.2292 -4.16493 83.3333 
0.63116 6.77065 83.2292 -4.16493 83.3333 
1.27775 10.8248 83.2292 -4.16493 83.3333 
2.26499 15.8389 83.2292 -4.16493 83.3333 
3.89606 21.5507 83.2292 -4.16493 83.3333 
6.55322 28.2499 83.2292 -4.16493 83.3333 
10.1468 35.6855 83.2292 -4.16493 83.3333 
14.8009 43.765 83.2292 -4.16493 83.3333 

0.0533795 2.89951 83.3333 0 83.3333 
0.29198 6.79373 83.3333 0 83.3333 
0.735139 10.8752 83.3333 0 83.3333 
1.47054 15.9323 83.3333 0 83.3333 
2.81411 21.7184 83.3333 0 83.3333 
5.13312 28.5421 83.3333 0 83.3333 
8.35061 36.148 83.3333 0 83.3333 
12.5951 44.45 83.3333 0 83.3333 

0.0533795 2.89951 83.3333 0 83.3333 
0.29198 6.79373 83.3333 0 83.3333 
0.735139 10.8752 83.3333 0 83.3333 
1.47054 15.9323 83.3333 0 83.3333 
2.81411 21.7184 83.3333 0 83.3333 
5.13312 28.5421 83.3333 0 83.3333 
8.35061 36.148 83.3333 0 83.3333 
12.5951 44.45 83.3333 0 83.3333 

0.0533795 -2.89951 83.3333 0 83.3333 
0.29198 -6.79373 83.3333 0 83.3333 
0.735139 -10.8752 83.3333 0 83.3333 
1.47054 -15.9323 83.3333 0 83.3333 
2.81411 -21.7184 83.3333 0 83.3333 
5.13312 -28.5421 83.3333 0 83.3333 
8.35061 -36.148 83.3333 0 83.3333 
12.5951 -44.45 83.3333 0 83.3333 

-0.0916022 -2.89855 83.2292 -4.16493 83.3333 
-0.0479297 -6.79983 83.2292 -4.16493 83.3333 
0.190687 -10.8983 83.2292 -4.16493 83.3333 
0.672423 -15.9859 83.2292 -4.16493 83.3333 
1.72512 -21.8319 83.2292 -4.16493 83.3333 
3.7002 -28.763 83.2292 -4.16493 83.3333 
6.53353 -36.5202 83.2292 -4.16493 83.3333 
10.3578 -45.024 83.2292 -4.16493 83.3333 

0.0533795 -2.89951 83.3333 0 83.3333 
0.29198 -6.79373 83.3333 0 83.3333 
0.735139 -10.8752 83.3333 0 83.3333 
1.47054 -15.9323 83.3333 0 83.3333 
2.81411 -21.7184 83.3333 0 83.3333 
5.13312 -28.5421 83.3333 0 83.3333 
8.35061 -36.148 83.3333 0 83.3333 
12.5951 -44.45 83.3333 0 83.3333 

0.198228 2.89322 83.2292 -4.16493 83.3333 
0.63116 6.77065 83.2292 -4.16493 83.3333 
1.27775 10.8248 83.2292 -4.16493 83.3333 
2.26499 15.8389 83.2292 -4.16493 83.3333 
3.89606 21.5507 83.2292 -4.16493 83.3333 
6.55322 28.2499 83.2292 -4.16493 83.3333 
10.1468 35.6855 83.2292 -4.16493 83.3333 
14.8009 43.765 83.2292 -4.16493 83.3333 

