12 16
5.93258 10.76 0.324435 1.22319 0.835218 3.79184 3.53824 2.85521 1.51378
0
0
0
0
0
0
0
1e-10
1e-10
1e-10
1e-10
0
0
1e-10
1e-10
1e-10
0
1e-10
1e-10
0
1e-10
1e-10
0
1e-10
0
0
1e-10
0
1e-10
1e-10
1e-10
0
0
0
0
1e-10
0
1e-10
0
0
0
0
1e-10
0
0
0
0
1e-10
0
0
0
0
1e-10
1e-10
0
0
1e-10
0
1e-10
1e-10
1e-10
1e-10
1e-10
1e-10
0
1e-10
1e-10
0
1e-10
1e-10
1e-10
1e-10
0
1e-10
0
0
1e-10
1e-10
0
1e-10
1e-10
1e-10
1e-10
0
0
0
0
1e-10
1e-10
1e-10
0
1e-10
1e-10
0
0
1e-10
0
0
1e-10
1e-10
0
1e-10
1e-10
0
0
0
1e-10
1e-10
1e-10
0
1e-10
0
1e-10
1e-10
0
1e-10
1e-10
0
1e-10
1e-10
0
0
1e-10
0
1e-10
1e-10
1e-10
1e-10
1e-10
1e-10
0
1e-10
0
1e-10
1e-10
1e-10
1e-10
1e-10
1e-10
1e-10
1e-10
1e-10
0
0
0
0
1e-10
1e-10
0
0
1e-10
0
1e-10
0
0
1e-10
1e-10
0
1e-10
0
1e-10
1e-10
0
1e-10
1e-10
1e-10
0
0
0
1e-10
0
1e-10
1e-10
1e-10
0
0
1e-10
0
0
0
1e-10
1e-10
0
0
1e-10
0
1e-10
1e-10
0
0
1e-10
1e-10
0
0
0
0
0
0
0
0
0
0
1
1
1
1
1
1
0
0
0
0
0
0
0
0
0
0
1
1
1
1
1
1
0
0
0
0
0
0
0
0
0
0
1
1
1
1
1
1
0
0
0
0
0
0
0
0
0
0
1
1
1
1
1
1
0
0
0
0
0
0
0
0
0
0
1
1
1
1
1
1
0
0
0
0
0
0
0
0
0
0
1
1
1
1
1
1
0
0
0
0
0
0
0
0
0
0
0
0
0
0
0
0
0
0
0
0
0
0
0
0
0
0
0
0
0
0
0
0
0
0
0
0
0
0
0
0
0
0
0
0
0
0
0
0
0
0
0
0
0
0
0
0
0
0
0
0
0
0
0
0
0
0
0
0
0
0
0
0
0
0
0
0
0
0
0
0
0
0
0
0
0
0
0
0
0
0
0
0
0
0
0
0
7.95307  0.95122 0 0.524516
                       L0 neurons: 6
                       L1 neurons: 6
            Connected L0-L1 frac.: 1
                  Noise per layer: 3.90625
                    Track classes: 1
                     Total events: 100000
               Optimization loops: 100
             Optimize SNN params.: True
                  Optimize delays: True
             Optimize connections: False
                  Max mod. factor: 0.2
                  Only 10-hit tracks: False
