12 16
3.84575 9.36986 0.26478 1.01178 1.01692 2.4913 2.83929 1.96942 1.2531
1e-10
1e-10
1e-10
1e-10
1e-10
0
1e-10
1e-10
1e-10
1e-10
0
1e-10
0
0
1e-10
0
1e-10
0
1e-10
0
1e-10
1e-10
0
0
1e-10
1e-10
0
1e-10
1e-10
1e-10
0
1e-10
1e-10
0
1e-10
1e-10
1e-10
1e-10
1e-10
1e-10
1e-10
0
0
1e-10
0
0
1e-10
1e-10
0
1e-10
0
1e-10
0
0
1e-10
0
1e-10
1e-10
1e-10
1e-10
1e-10
1e-10
1e-10
1e-10
0
0
0
0
0
1e-10
0
1e-10
1e-10
1e-10
1e-10
1e-10
1e-10
1e-10
0
1e-10
0
1e-10
0
0
1e-10
0
1e-10
1e-10
0
0
1e-10
0
1e-10
0
1e-10
0
1e-10
0
1e-10
0
1e-10
0
0
1e-10
1e-10
0
1e-10
1e-10
1e-10
1e-10
1e-10
0
1e-10
1e-10
0
0
0
0
0
0
1e-10
1e-10
0
0
0
1e-10
0
0
0
1e-10
1e-10
0
0
1e-10
1e-10
1e-10
1e-10
1e-10
1e-10
1e-10
1e-10
0
0
1e-10
0
1e-10
1e-10
0
1e-10
0
0
0
1e-10
1e-10
0
0
0
1e-10
1e-10
1e-10
1e-10
1e-10
1e-10
1e-10
0
0
1e-10
1e-10
1e-10
0
1e-10
1e-10
1e-10
1e-10
0
0
1e-10
0
0
1e-10
1e-10
0
0
0
0
1e-10
0
0
0
0
0
1e-10
0
0
0
0
0
0
0
0
0
0
1
1
1
1
1
1
0
0
0
0
0
0
0
0
0
0
1
1
1
1
1
1
0
0
0
0
0
0
0
0
0
0
1
1
1
1
1
1
0
0
0
0
0
0
0
0
0
0
1
1
1
1
1
1
0
0
0
0
0
0
0
0
0
0
1
1
1
1
1
1
0
0
0
0
0
0
0
0
0
0
1
1
1
1
1
1
0
0
0
0
0
0
0
0
0
0
0
0
0
0
0
0
0
0
0
0
0
0
0
0
0
0
0
0
0
0
0
0
0
0
0
0
0
0
0
0
0
0
0
0
0
0
0
0
0
0
0
0
0
0
0
0
0
0
0
0
0
0
0
0
0
0
0
0
0
0
0
0
0
0
0
0
0
0
0
0
0
0
0
0
0
0
0
0
0
0
0
0
0
0
0
0
5.81222  0.792453 0.04 0.530048
                       L0 neurons: 6
                       L1 neurons: 6
            Connected L0-L1 frac.: 1
                  Noise per layer: 3.90625
                    Track classes: 1
                     Total events: 100000
               Optimization loops: 100
             Optimize SNN params.: True
                  Optimize delays: True
             Optimize connections: False
                  Max mod. factor: 0.2
                  Only 10-hit tracks: False
