8 14
5.55713 6.16953 0.348085 1.17284 2.16824 2.85984 6.33316 2.556 1.77311
0.0606843
0.0688048
0.0430422
0.0371123
0.0584851
0.0439654
0.0571083
0.0410467
0.0562213
0.0371128
0.0467891
0.0559302
0.0371245
0.0384459
0.0391632
0.0357827
0.0408298
0.0554462
0.0511
0.0730087
0.0393893
0.0378533
0.0496427
0.0606926
0.0601042
0.0472138
0.0381527
0.0402756
0.0380074
0.0431072
0.0360878
0.0416172
0.0599158
0.0526041
0.0583569
0.0483043
0.0451979
0.0496068
0.0508735
0.0413467
0.0526951
0.0410266
0.0458042
0.0587131
0.0674532
0.0524227
0.0534519
0.0588503
0.0610105
0.0579899
0.0384585
0.0484174
0.0477823
0.0415277
0.0618441
0.0574573
0.0388994
0.0455593
0.0602625
0.0484378
0.0488918
0.0552078
0.0486569
0.038652
0.0586984
0.0574709
0.0567516
0.0363294
0.0508839
0.0410762
0.0471227
0.0495188
0.0611591
0.0696947
0.0535874
0.0466549
0.0483492
0.0404117
0.0413538
0.0537716
0.0422104
0.0476934
0.0666328
0.0460469
0.039792
0.0417693
0.0388285
0.0545414
0.0464792
0.060869
0.0408757
0.0500006
0.0408384
0.0483372
0.0422088
0.0386069
0.055004
0.0380696
0.0682684
0.0415575
0.0479763
0.0399297
0.0587793
0.053435
0.0422197
0.0387461
0.0452706
0.0541493
0.0425271
0.0575074
0.0359413
0.0360164
0
0
0
0
0
0
0
0
0
0
1
1
1
1
0
0
0
0
0
0
0
0
0
0
1
1
1
1
0
0
0
0
0
0
0
0
0
0
1
1
1
1
0
0
0
0
0
0
0
0
0
0
1
1
1
1
0
0
0
0
0
0
0
0
0
0
0
0
0
0
0
0
0
0
0
0
0
0
0
0
0
0
0
0
0
0
0
0
0
0
0
0
0
0
0
0
0
0
0
0
0
0
0
0
0
0
0
0
0
0
0
0
8.29034  0.95 0 0.57847
                       L0 neurons: 4
                       L1 neurons: 4
            Connected L0-L1 frac.: 1
                  Noise per layer: 4
                    Track classes: 2
                     Total events: 2000
               Optimization loops: 10
             Optimize SNN params.: True
                  Optimize delays: True
             Optimize connections: False
                  Max mod. factor: 0.2
                Only 8-hit tracks: False
