12 16
5.80203 4.20595 0.244768 1.36194 0.96285 2.49706 4.39767 2.6736 1.25121
0.0589677
0.0378142
0.0410741
0.045281
0.0539688
0.0648422
0.0688453
0.0397015
0.0568278
0.0391592
0.0579319
0.0387458
0.06686
0.0476435
0.0824359
0.0209269
0.0554722
0.0588275
0.0569096
0.0259179
0.0516005
0.0380303
0.0435775
0.0481086
0.0648671
0.0601362
0.0434823
0.037528
0.0425553
0.0660817
0.0371403
0.0645975
0.0475976
0.0408126
0.0411924
0.0509223
0.0472454
0.0660231
0.0357714
0.0565221
0.0579365
0.051417
0.056991
0.0731967
0.0349799
0.0581626
0.0424984
0.0494798
0.0621384
0.0528346
0.0608328
0.0682539
0.0452762
0.0503644
0.0389489
0.0522889
0.04726
0.0342355
0.0278789
0.0566135
0.040156
0.0642364
0.0588248
0.0425394
0.0422602
0.0377802
0.0467172
0.0383475
0.0599072
0.0391619
0.0617934
0.0547105
0.0400267
0.0539887
0.0517051
0.0634447
0.0601806
0.0394037
0.0698349
0.0495742
0.0660127
0.030483
0.0642634
0.0483779
0.0640421
0.057367
0.0473341
0.031769
0.0692033
0.053936
0.0622671
0.0463963
0.0423953
0.0415881
0.0440685
0.0440776
0.0337585
0.0289032
0.021723
0.0335844
0.0408614
0.0383292
0.0483453
0.056986
0.0604907
0.060974
0.071301
0.0587664
0.0628114
0.0462394
0.0516952
0.0568407
0.0681791
0.0346206
0.0464899
0.0606885
0.0601835
0.0513011
0.0651158
0.038066
0.0522568
0.0208295
0.0392784
0.0493481
0.0697345
0.0648622
0.04768
0.0422042
0.0409471
0.0353583
0.0592095
0.0365046
0.0343471
0.0316078
0.0468951
0.0539114
0.0554587
0.0460619
0.0474404
0.046099
0.069873
0.0456422
0.06661
0.0454848
0.0577236
0.0501834
0.0599937
0.05329
0.0555617
0.0566984
0.0412383
0.0466944
0.0530328
0.0654453
0.0530094
0.0508804
0.0457711
0.0485186
0.0315326
0.0416175
0.0500154
0.0395235
0.0718981
0.0656567
0.0387394
0.0435364
0.032492
0.0644981
0.0538034
0.0435319
0.0302176
0.0565233
0.0394909
0.0329548
0.052572
0.0394147
0.062689
0.0533274
0.0306041
0.0422682
0.0455523
0.0628906
0.0194284
0.0472718
0.0591064
0.0723152
0.0524958
0.0293956
0.047531
0.0602844
0.0609809
0.0490753
0
0
0
0
0
0
0
0
0
0
1
1
1
1
1
1
0
0
0
0
0
0
0
0
0
0
1
1
1
1
1
1
0
0
0
0
0
0
0
0
0
0
1
1
1
1
1
1
0
0
0
0
0
0
0
0
0
0
1
1
1
1
1
1
0
0
0
0
0
0
0
0
0
0
1
1
1
1
1
1
0
0
0
0
0
0
0
0
0
0
1
1
1
1
1
1
0
0
0
0
0
0
0
0
0
0
0
0
0
0
0
0
0
0
0
0
0
0
0
0
0
0
0
0
0
0
0
0
0
0
0
0
0
0
0
0
0
0
0
0
0
0
0
0
0
0
0
0
0
0
0
0
0
0
0
0
0
0
0
0
0
0
0
0
0
0
0
0
0
0
0
0
0
0
0
0
0
0
0
0
0
0
0
0
0
0
0
0
0
0
0
0
4.69632  0.676318 0.03 0.461557
                       L0 neurons: 6
                       L1 neurons: 6
            Connected L0-L1 frac.: 1
                  Noise per layer: 4
                    Track classes: 4
                     Total events: 1000000
               Optimization loops: 100
             Optimize SNN params.: True
                  Optimize delays: True
             Optimize connections: False
                  Max mod. factor: 0.2
                Only 8-hit tracks: False
