8 12
5.94409 4.93189 0.254617 1.04984 1.18452 2.03011 5.22026 2.32803 1.02459
0.0395695
0.0463709
0.044586
0.0661447
0.0474764
0.0453473
0.0363022
0.0410486
0.0616839
0.0386179
0.0450216
0.0469134
0.0467613
0.0368751
0.0426457
0.0489997
0.0495556
0.0447736
0.0431564
0.0374769
0.0478443
0.0364085
0.0613461
0.0536366
0.0399458
0.0473338
0.0471816
0.0429103
0.050221
0.0415912
0.0388623
0.0473721
0.0414428
0.0430718
0.0441218
0.0473967
0.0429434
0.0431914
0.0411412
0.0438866
0.0452181
0.0454391
0.0570136
0.0432627
0.0620921
0.0471652
0.0396944
0.0427476
0.0388146
0.0420642
0.0391139
0.0386889
0.0462432
0.0579021
0.0417649
0.0657592
0.0685483
0.0454429
0.0405186
0.0547806
0.0467604
0.0446447
0.0387978
0.0384534
0.0380144
0.041496
0.0537153
0.0555643
0.039517
0.0442115
0.0381293
0.038497
0.0458901
0.0713171
0.0374499
0.0443845
0.0433918
0.0422657
0.0390252
0.0523878
0.0443771
0.0433333
0.0473074
0.0396281
0.0429877
0.042741
0.0640436
0.051675
0.04655
0.0415507
0.0545496
0.0479717
0.0386793
0.0453994
0.0462761
0.0537619
0
0
0
0
0
0
0
0
1
1
1
1
0
0
0
0
0
0
0
0
1
1
1
1
0
0
0
0
0
0
0
0
1
1
1
1
0
0
0
0
0
0
0
0
1
1
1
1
0
0
0
0
0
0
0
0
0
0
0
0
0
0
0
0
0
0
0
0
0
0
0
0
0
0
0
0
0
0
0
0
0
0
0
0
0
0
0
0
0
0
0
0
0
0
0
0
1.76074  0.25 0 0.45282
                       L0 neurons: 4
                       L1 neurons: 4
            Connected L0-L1 frac.: 1
                  Noise per layer: 1
                    Track classes: 4
                     Total events: 200
               Optimization loops: 10
             Optimize SNN params.: True
                  Optimize delays: True
             Optimize connections: False
                  Max mod. factor: 0.2
                Only 8-hit tracks: False
