12 16
18.424 21.1379 0.418314 1.51253 2.45607 3.59149 4.70203 2.15382 2.15742
0
0
0
0
0
1e-10
1e-10
0
0
0
0
1e-10
1e-10
1e-10
0
1e-10
0
0
0
1e-10
0
1e-10
1e-10
1e-10
0
1e-10
0
1e-10
1e-10
1e-10
0
0
0
0
0
0
0
1e-10
1e-10
1e-10
0
1e-10
1e-10
0
1e-10
0
0
1e-10
1e-10
1e-10
0
0
1e-10
0
0
0
0
0
1e-10
1e-10
0
1e-10
1e-10
0
0
0
1e-10
1e-10
0
0
0
1e-10
0
0
1e-10
0
0
1e-10
1e-10
1e-10
1e-10
0
1e-10
1e-10
1e-10
0
1e-10
0
0
1e-10
1e-10
0
1e-10
1e-10
0
1e-10
1e-10
0
1e-10
0
0
0
0
0
1e-10
0
1e-10
1e-10
1e-10
0
0
0
0
1e-10
1e-10
0
0
0
1e-10
0
0
0
1e-10
0
0
1e-10
1e-10
0
1e-10
1e-10
1e-10
0
0
0
0
1e-10
0
0
0
1e-10
1e-10
0
1e-10
1e-10
1e-10
0
0
1e-10
0
1e-10
0
1e-10
1e-10
0
0
1e-10
0
0
1e-10
0
0
0
0
1e-10
1e-10
1e-10
1e-10
1e-10
1e-10
0
0
1e-10
1e-10
1e-10
1e-10
0
0
1e-10
0
1e-10
0
1e-10
0
1e-10
0
0
1e-10
0
1e-10
1e-10
1e-10
1e-10
0
0
0
0
0
0
0
0
0
0
1
1
1
1
1
1
0
0
0
0
0
0
0
0
0
0
1
1
1
1
1
1
0
0
0
0
0
0
0
0
0
0
1
1
1
1
1
1
0
0
0
0
0
0
0
0
0
0
1
1
1
1
1
1
0
0
0
0
0
0
0
0
0
0
1
1
1
1
1
1
0
0
0
0
0
0
0
0
0
0
1
1
1
1
1
1
0
0
0
0
0
0
0
0
0
0
0
0
0
0
0
0
0
0
0
0
0
0
0
0
0
0
0
0
0
0
0
0
0
0
0
0
0
0
0
0
0
0
0
0
0
0
0
0
0
0
0
0
0
0
0
0
0
0
0
0
0
0
0
0
0
0
0
0
0
0
0
0
0
0
0
0
0
0
0
0
0
0
0
0
0
0
0
0
0
0
0
0
0
0
0
0
8.29646  0.957672 0 0.574453
                       L0 neurons: 6
                       L1 neurons: 6
            Connected L0-L1 frac.: 1
                  Noise per layer: 3.90625
                    Track classes: 6
                     Total events: 100000
               Optimization loops: 100
             Optimize SNN params.: True
                  Optimize delays: True
             Optimize connections: False
                  Max mod. factor: 0.2
                  Only 10-hit tracks: False
