16 18
5.02156 4.76749 0.257633 0.980007 1.24293 2.19228 4.23655 2.3409 1.10402
0.057649
0.0596505
0.0377988
0.0514249
0.0604864
0.0560263
0.0442219
0.0361723
0.05635
0.0420397
0.0688695
0.0239309
0.0337313
0.0293962
0.05106
0.0508465
0.0517716
0.059375
0.0736685
0.0576516
0.0619605
0.05388
0.0365885
0.0279829
0.0566502
0.055816
0.0454267
0.0564404
0.0436576
0.0447464
0.0457282
0.0687719
0.0552973
0.0382008
0.0662843
0.06947
0.0442415
0.0500208
0.0712273
0.0562975
0.0647403
0.0672157
0.0479244
0.0321022
0.0588469
0.0437217
0.0524942
0.0502165
0.0706426
0.0668162
0.0328695
0.0458782
0.0569332
0.0670854
0.0510791
0.0569711
0.0381093
0.0441257
0.0675599
0.0619557
0.0420752
0.0477511
0.0519014
0.0666417
0.0635852
0.0750458
0.0520373
0.0576754
0.0293844
0.0720936
0.0601306
0.0508326
0.0273423
0.0417042
0.0660105
0.0569237
0.0519827
0.0593711
0.0576922
0.0453966
0.0403038
0.0720423
0.0419651
0.0507343
0.0468296
0.0422167
0.0329404
0.039634
0.0637628
0.0473759
0.0330474
0.0339796
0.0473585
0.0606291
0.067972
0.0560787
0.0498388
0.0536497
0.0430607
0.0588154
0.0567876
0.0494438
0.0642233
0.0488927
0.0692485
0.0594098
0.0488376
0.0337793
0.0510447
0.0514323
0.0315686
0.0649276
0.051235
0.0332478
0.0601384
0.0440461
0.0536942
0.0417845
0.0600836
0.0407765
0.0383807
0.0637868
0.0346151
0.0541862
0.0325671
0.0560454
0.026247
0.0587031
0.0354272
0.0451362
0.0556573
0.0535666
0.0465003
0.0296462
0.0559841
0.0604348
0.0416366
0.0564729
0.0315414
0.0635586
0.0253026
0.0246976
0.0265388
0.0491451
0.0451366
0.0380836
0.039743
0.0422111
0.0343833
0.0559884
0.0569897
0.0559984
0.0437869
0.0463261
0.0320731
0.0464557
0.0531671
0.0560376
0.0724952
0.0491322
0.0570631
0.0657244
0.0561285
0.0454168
0.0678832
0.0544697
0.0636653
0.065487
0.0441102
0.0535518
0.0535231
0.0568527
0.048865
0.0630599
0.0642983
0.0414514
0.0595609
0.0422727
0.0503384
0.065091
0.0485728
0.0619797
0.0592408
0.0289363
0.0377449
0.0649921
0.0323216
0.0377006
0.0315691
0.0307391
0.0581246
0.0555142
0.0689096
0.0604932
0.0456174
0.0464593
0.0671309
0.0298322
0.0485681
0.0610363
0.05891
0.0685166
0.0728012
0.0380023
0.0594478
0.0466984
0.0432634
0.049057
0.0567022
0.0737017
0.0613475
0.0382957
0.0434112
0.0606535
0.0627457
0.0589773
0.0576498
0.063853
0.0643766
0.0589342
0.0534462
0.0524766
0.0598822
0.0625766
0.0377402
0.0533299
0.0490896
0.0447245
0.0546158
0.0472238
0.0652546
0.0622409
0.0469321
0.0624202
0.0371431
0.0552803
0.05306
0.0624238
0.0507389
0.0400173
0.0567359
0.0690223
0.0516623
0.0497526
0.0517144
0.055161
0.0594913
0.0400411
0.068218
0.0544408
0.0633372
0.0671572
0.0530639
0.0619051
0.0734968
0.0603203
0.0547603
0.0642997
0.0713371
0.0406293
0.0590058
0.0666919
0.0555461
0.0438652
0.0606707
0.0535576
0.0720476
0.0701788
0.0722767
0.0632458
0.0531369
0.0582027
0.0477936
0.0543348
0.0490034
0.0431241
0.0533617
0.0638029
0.0481651
0.0624026
0.0623098
0.0453713
0.0339431
0.0539273
0.0518589
0.0402648
0.0440504
0.0437005
0
0
0
0
0
0
0
0
0
0
1
1
1
1
1
1
1
1
0
0
0
0
0
0
0
0
0
0
1
1
1
1
1
1
1
1
0
0
0
0
0
0
0
0
0
0
1
1
1
1
1
1
1
1
0
0
0
0
0
0
0
0
0
0
1
1
1
1
1
1
1
1
0
0
0
0
0
0
0
0
0
0
1
1
1
1
1
1
1
1
0
0
0
0
0
0
0
0
0
0
1
1
1
1
1
1
1
1
0
0
0
0
0
0
0
0
0
0
1
1
1
1
1
1
1
1
0
0
0
0
0
0
0
0
0
0
1
1
1
1
1
1
1
1
0
0
0
0
0
0
0
0
0
0
0
0
0
0
0
0
0
0
0
0
0
0
0
0
0
0
0
0
0
0
0
0
0
0
0
0
0
0
0
0
0
0
0
0
0
0
0
0
0
0
0
0
0
0
0
0
0
0
0
0
0
0
0
0
0
0
0
0
0
0
0
0
0
0
0
0
0
0
0
0
0
0
0
0
0
0
0
0
0
0
0
0
0
0
0
0
0
0
0
0
0
0
0
0
0
0
0
0
0
0
0
0
0
0
0
0
0
0
0
0
0
0
0
0
0
0
0
0
0
0
0
0
0
0
0
0
0
0
0
0
0
0
0
0
4.55128  0.691622 0.034 0.398437
                       L0 neurons: 8
                       L1 neurons: 8
            Connected L0-L1 frac.: 1
                  Noise per layer: 4
                    Track classes: 4
                     Total events: 1000000
               Optimization loops: 100
             Optimize SNN params.: True
                  Optimize delays: True
             Optimize connections: False
                  Max mod. factor: 0.2
                Only 8-hit tracks: False
