12 16
16.6863 19.4923 0.468994 1.84882 2.11113 4.27348 5.50911 2.32491 2.06089
1e-10
0
0
0
1e-10
0
1e-10
0
1e-10
0
1e-10
1e-10
0
1e-10
0
1e-10
1e-10
0
1e-10
1e-10
0
1e-10
0
1e-10
0
0
0
1e-10
0
0
1e-10
0
1e-10
0
0
1e-10
1e-10
0
0
1e-10
0
1e-10
0
1e-10
0
0
1e-10
1e-10
1e-10
0
0
0
0
0
0
1e-10
0
1e-10
0
0
0
1e-10
1e-10
1e-10
1e-10
0
1e-10
0
0
0
1e-10
1e-10
1e-10
1e-10
1e-10
0
1e-10
1e-10
1e-10
0
0
1e-10
0
1e-10
1e-10
1e-10
0
0
1e-10
1e-10
0
0
1e-10
0
1e-10
1e-10
0
1e-10
0
1e-10
1e-10
0
0
0
0
0
1e-10
0
1e-10
1e-10
0
0
0
0
1e-10
0
1e-10
1e-10
1e-10
1e-10
0
1e-10
1e-10
0
0
0
0
0
1e-10
1e-10
1e-10
1e-10
1e-10
1e-10
1e-10
0
0
1e-10
1e-10
1e-10
0
1e-10
1e-10
0
0
0
1e-10
1e-10
0
0
1e-10
0
1e-10
0
1e-10
1e-10
0
1e-10
1e-10
0
1e-10
1e-10
0
1e-10
0
0
0
0
1e-10
1e-10
0
1e-10
1e-10
0
1e-10
0
0
0
1e-10
1e-10
1e-10
0
1e-10
1e-10
0
0
0
1e-10
1e-10
1e-10
0
1e-10
0
0
0
0
0
0
0
0
0
0
1
1
1
1
1
1
0
0
0
0
0
0
0
0
0
0
1
1
1
1
1
1
0
0
0
0
0
0
0
0
0
0
1
1
1
1
1
1
0
0
0
0
0
0
0
0
0
0
1
1
1
1
1
1
0
0
0
0
0
0
0
0
0
0
1
1
1
1
1
1
0
0
0
0
0
0
0
0
0
0
1
1
1
1
1
1
0
0
0
0
0
0
0
0
0
0
0
0
0
0
0
0
0
0
0
0
0
0
0
0
0
0
0
0
0
0
0
0
0
0
0
0
0
0
0
0
0
0
0
0
0
0
0
0
0
0
0
0
0
0
0
0
0
0
0
0
0
0
0
0
0
0
0
0
0
0
0
0
0
0
0
0
0
0
0
0
0
0
0
0
0
0
0
0
0
0
0
0
0
0
0
0
8.31766  0.943651 0 0.586666
                       L0 neurons: 6
                       L1 neurons: 6
            Connected L0-L1 frac.: 1
                  Noise per layer: 3.90625
                    Track classes: 6
                     Total events: 100000
               Optimization loops: 100
             Optimize SNN params.: True
                  Optimize delays: True
             Optimize connections: False
                  Max mod. factor: 0.2
                  Only 10-hit tracks: False
