12 16
5 5 0.25 1 1 2 4 2.5 1.00409
5e-11
5e-11
5e-11
5e-11
5e-11
5e-11
5e-11
5e-11
5e-11
5e-11
5e-11
5e-11
5e-11
5e-11
5e-11
5e-11
5e-11
5e-11
5e-11
5e-11
5e-11
5e-11
5e-11
5e-11
5e-11
5e-11
5e-11
5e-11
5e-11
5e-11
5e-11
5e-11
5e-11
5e-11
5e-11
5e-11
5e-11
5e-11
5e-11
5e-11
5e-11
5e-11
5e-11
5e-11
5e-11
5e-11
5e-11
5e-11
5e-11
5e-11
5e-11
5e-11
5e-11
5e-11
5e-11
5e-11
5e-11
5e-11
5e-11
5e-11
5e-11
5e-11
5e-11
5e-11
5e-11
5e-11
5e-11
5e-11
5e-11
5e-11
5e-11
5e-11
5e-11
5e-11
5e-11
5e-11
5e-11
5e-11
5e-11
5e-11
5e-11
5e-11
5e-11
5e-11
5e-11
5e-11
5e-11
5e-11
5e-11
5e-11
5e-11
5e-11
5e-11
5e-11
5e-11
5e-11
5e-11
5e-11
5e-11
5e-11
5e-11
5e-11
5e-11
5e-11
5e-11
5e-11
5e-11
5e-11
5e-11
5e-11
5e-11
5e-11
5e-11
5e-11
5e-11
5e-11
5e-11
5e-11
5e-11
5e-11
5e-11
5e-11
5e-11
5e-11
5e-11
5e-11
5e-11
5e-11
5e-11
5e-11
5e-11
5e-11
5e-11
5e-11
5e-11
5e-11
5e-11
5e-11
5e-11
5e-11
5e-11
5e-11
5e-11
5e-11
5e-11
5e-11
5e-11
5e-11
5e-11
5e-11
5e-11
5e-11
5e-11
5e-11
5e-11
5e-11
5e-11
5e-11
5e-11
5e-11
5e-11
5e-11
5e-11
5e-11
5e-11
5e-11
5e-11
5e-11
5e-11
5e-11
5e-11
5e-11
5e-11
5e-11
5e-11
5e-11
5e-11
5e-11
5e-11
5e-11
5e-11
5e-11
5e-11
5e-11
5e-11
5e-11
5e-11
5e-11
5e-11
5e-11
5e-11
5e-11
0
0
0
0
0
0
0
0
0
0
1
1
1
1
1
1
0
0
0
0
0
0
0
0
0
0
1
1
1
1
1
1
0
0
0
0
0
0
0
0
0
0
1
1
1
1
1
1
0
0
0
0
0
0
0
0
0
0
1
1
1
1
1
1
0
0
0
0
0
0
0
0
0
0
1
1
1
1
1
1
0
0
0
0
0
0
0
0
0
0
1
1
1
1
1
1
0
0
0
0
0
0
0
0
0
0
0
0
0
0
0
0
0
0
0
0
0
0
0
0
0
0
0
0
0
0
0
0
0
0
0
0
0
0
0
0
0
0
0
0
0
0
0
0
0
0
0
0
0
0
0
0
0
0
0
0
0
0
0
0
0
0
0
0
0
0
0
0
0
0
0
0
0
0
0
0
0
0
0
0
0
0
0
0
0
0
0
0
0
0
0
0
2.08801  0.666667 0.2 0.454512
                       L0 neurons: 6
                       L1 neurons: 6
            Connected L0-L1 frac.: 1
                  Noise per layer: 3.90625
                    Track classes: 6
                     Total events: 10000
               Optimization loops: 100
             Optimize SNN params.: True
                  Optimize delays: True
             Optimize connections: False
                  Max mod. factor: 0.2
                  Only 10-hit tracks: False
