12 16
5.13048 4.61626 0.237224 1.00832 0.97549 2.16993 4.14366 2.64073 0.887533
0.0453547
0.0579166
0.052276
0.0403297
0.0545306
0.0399752
0.0572856
0.0591635
0.059022
0.050944
0.0464324
0.0461707
0.0428325
0.0427259
0.0489281
0.0464943
0.0498143
0.0519222
0.0449139
0.041687
0.0533729
0.0565621
0.0556903
0.059567
0.0541536
0.0517132
0.0566706
0.0552817
0.0557924
0.0406614
0.0442332
0.0545354
0.0473813
0.0507827
0.0409246
0.0552954
0.0452771
0.0511775
0.0510692
0.0559648
0.0454072
0.0449145
0.0447593
0.0540918
0.0549381
0.0578132
0.0446325
0.0445242
0.0400635
0.056087
0.0516981
0.0543498
0.056823
0.054727
0.053412
0.0567036
0.0417217
0.0468239
0.0455293
0.0520304
0.0404872
0.0529708
0.056672
0.0521773
0.0534915
0.0434112
0.043229
0.0545977
0.0431857
0.040128
0.0499245
0.0543927
0.0556685
0.0549033
0.0479187
0.0423323
0.0427106
0.0549533
0.0407298
0.0395876
0.0565268
0.0423247
0.0568049
0.0396058
0.0504153
0.0588059
0.0585747
0.04357
0.0479653
0.0553696
0.0438247
0.0508352
0.0412242
0.0591485
0.0606418
0.0395127
0.0469494
0.0432086
0.0516429
0.0474861
0.0592829
0.0433515
0.0570472
0.0545556
0.0485995
0.0461223
0.0544618
0.0535198
0.0581165
0.0464087
0.0435291
0.0495414
0.054239
0.0605254
0.0391726
0.047492
0.0580593
0.0406725
0.0545944
0.039158
0.0542113
0.0554233
0.0562182
0.0586351
0.0436663
0.0478081
0.0512291
0.0518854
0.0566664
0.0478928
0.0577473
0.0473887
0.0440995
0.0438458
0.0396111
0.0539097
0.0463866
0.0537612
0.0507867
0.0448754
0.0483817
0.0554746
0.0505943
0.0538441
0.0506175
0.0555771
0.0414455
0.0523974
0.0482824
0.0493505
0.038935
0.0577728
0.051907
0.055049
0.0533168
0.0597726
0.0584114
0.060308
0.0470208
0.0428109
0.0507179
0.042446
0.0432135
0.0529691
0.0566147
0.0546203
0.0539809
0.0485834
0.0554642
0.0541732
0.0531215
0.0490615
0.0526862
0.0439399
0.0437824
0.0429362
0.0478622
0.0598944
0.0480134
0.0603263
0.0533035
0.0516959
0.0445371
0.0442917
0.0559918
0.0471023
0.0586691
0.0511146
0.0573536
0.0532735
0.0504931
0.0416102
0
0
0
0
1
0
0
1
0
0
1
1
1
1
1
1
0
0
0
0
0
0
0
1
0
0
1
1
1
1
1
1
0
0
0
0
0
0
0
0
0
0
1
1
1
1
1
1
1
0
1
1
0
0
0
0
0
0
1
1
1
1
1
1
1
0
1
0
0
0
0
0
0
1
1
1
1
1
1
1
0
0
0
0
0
0
0
0
0
0
1
1
1
1
1
1
1
0
1
0
0
0
0
0
0
1
0
0
0
0
0
0
0
0
0
0
0
0
1
0
0
0
0
0
0
0
1
0
1
1
1
0
0
0
0
1
0
0
0
0
0
0
0
0
0
0
0
0
0
0
1
0
0
0
0
0
0
0
0
0
0
1
0
0
0
0
0
1
0
0
0
0
0
0
1
0
0
0
0
0
1
0
0
0
0
0
0
1
0
0
0
0
1.00466  0.166667 0 0.231663
                       L0 neurons: 6
                       L1 neurons: 6
            Connected L0-L1 frac.: 0.8
                  Noise per layer: 4
                    Track classes: 6
                     Total events: 100
               Optimization loops: 5
             Optimize SNN params.: True
                  Optimize delays: True
             Optimize connections: False
                  Max mod. factor: 0.2
                Only 8-hit tracks: False
