12 16
4.76998 5.09953 0.238994 0.934549 0.993578 2.09709 4.21283 2.42354 1.05925
0.043427
0.0425662
0.0468032
0.0501817
0.050309
0.0432831
0.0553966
0.0465189
0.042441
0.0484347
0.0554596
0.050858
0.0421764
0.0534215
0.0535641
0.0523913
0.0480743
0.0547648
0.0500867
0.0489912
0.0464972
0.0579457
0.0508748
0.0579717
0.0455663
0.0427447
0.046601
0.0519185
0.0487333
0.0476217
0.0458246
0.0430293
0.0569969
0.0485704
0.0576173
0.0414555
0.0441957
0.0518433
0.0455367
0.0516087
0.0426788
0.0422825
0.0514382
0.042497
0.051963
0.0560181
0.0572817
0.0452968
0.0520727
0.0523025
0.0462972
0.041683
0.0572914
0.0450819
0.0438145
0.0540692
0.0416885
0.0488002
0.0419809
0.0425416
0.0555762
0.0481444
0.0526546
0.0582615
0.0424332
0.0456436
0.0510599
0.0460224
0.0566704
0.0580688
0.0528335
0.0524255
0.0463418
0.0438611
0.0545494
0.0521798
0.058335
0.0496396
0.0454123
0.0413555
0.0547336
0.0571933
0.0448884
0.0491768
0.0576012
0.055024
0.0517659
0.0547865
0.0511853
0.0458082
0.0463686
0.0550377
0.042258
0.0429818
0.0574299
0.0508679
0.049343
0.0534471
0.0511392
0.0458902
0.0556686
0.0468562
0.0499036
0.0538224
0.0474839
0.0494791
0.0477883
0.0519465
0.0530625
0.0526874
0.0527013
0.0460607
0.0426179
0.0505855
0.0507225
0.0424578
0.0415464
0.0419647
0.0555926
0.0518314
0.0489017
0.0412069
0.0446837
0.042989
0.04439
0.057056
0.0580737
0.0432306
0.0487028
0.044486
0.058699
0.0578681
0.0484509
0.0574149
0.0550824
0.0573822
0.0498296
0.0476905
0.0538495
0.0437891
0.0412413
0.0556982
0.0513968
0.0435965
0.050249
0.0416122
0.0581318
0.0433365
0.049849
0.0471882
0.0529016
0.0503436
0.0523409
0.0441674
0.0418839
0.046464
0.042341
0.0513507
0.0470498
0.0579029
0.0508725
0.0561997
0.0418319
0.0514269
0.0485912
0.0555657
0.0526462
0.0547389
0.0573868
0.0440377
0.056425
0.0555448
0.0545693
0.041378
0.0556505
0.0488991
0.0451491
0.0504456
0.0519801
0.0436932
0.0468088
0.0529341
0.0529669
0.0542315
0.0431521
0.052963
0.049395
0.0522252
0.04845
0.047893
0.0548684
0.0421535
0
0
0
0
0
0
0
0
0
0
1
1
1
1
1
1
0
0
0
0
0
0
0
0
0
0
1
1
1
1
1
1
0
0
0
0
0
0
0
0
0
0
1
1
1
1
1
1
0
0
0
0
0
0
0
0
0
0
1
1
1
1
1
1
0
0
0
0
0
0
0
0
0
0
1
1
1
1
1
1
0
0
0
0
0
0
0
0
0
0
1
1
1
1
1
1
0
0
0
0
0
0
0
0
0
0
0
0
0
0
0
0
0
0
0
0
0
0
0
0
0
0
0
0
0
0
0
0
0
0
0
0
0
0
0
0
0
0
0
0
0
0
0
0
0
0
0
0
0
0
0
0
0
0
0
0
0
0
0
0
0
0
0
0
0
0
0
0
0
0
0
0
0
0
0
0
0
0
0
0
0
0
0
0
0
0
0
0
0
0
0
0
1.47638  0.25 0 0.19104
                       L0 neurons: 6
                       L1 neurons: 6
            Connected L0-L1 frac.: 1
                  Noise per layer: 4
                    Track classes: 4
                     Total events: 100
               Optimization loops: 10
             Optimize SNN params.: True
                  Optimize delays: True
             Optimize connections: False
                  Max mod. factor: 0.2
                Only 8-hit tracks: False
