12 16
5.13589 4.83687 0.246241 0.946319 1.05238 2.07607 4.05095 2.31177 0.966731
0.0433231
0.0464831
0.0527065
0.0529202
0.0434455
0.0515447
0.0508405
0.0534782
0.0453663
0.0540935
0.0438479
0.0436412
0.0473654
0.0464954
0.0502513
0.0478801
0.0491584
0.0537465
0.0551081
0.04629
0.0566597
0.04991
0.0540126
0.0581541
0.0577439
0.0505434
0.0442515
0.0432319
0.0450674
0.0540042
0.0469205
0.0572363
0.0434426
0.0415311
0.0482941
0.0548308
0.044952
0.0540926
0.057717
0.0467406
0.0458622
0.0441533
0.0453494
0.044884
0.0525503
0.0524054
0.0455202
0.0441411
0.0470401
0.0542661
0.0457283
0.0579382
0.0431739
0.0520914
0.0477157
0.0433074
0.0502668
0.0538298
0.0415965
0.0456351
0.0448145
0.0580479
0.0530389
0.0478414
0.0455967
0.0575002
0.0482429
0.0500371
0.0422732
0.0474166
0.0557093
0.0424409
0.045564
0.0434187
0.0431258
0.0490686
0.0535489
0.0585333
0.0422337
0.0542497
0.0456177
0.0452991
0.0493703
0.0448433
0.0434825
0.0442396
0.054003
0.0429925
0.053194
0.044862
0.0494808
0.0415919
0.051385
0.0465008
0.0465942
0.0468071
0.0470977
0.0482702
0.0561111
0.0538177
0.055782
0.0587878
0.0523249
0.0417187
0.0585992
0.0533233
0.0446464
0.0546901
0.0578182
0.0455904
0.0434674
0.0573303
0.0551495
0.0506932
0.0471555
0.0496579
0.0440653
0.0422516
0.0582605
0.0473341
0.0567051
0.0584721
0.0431093
0.0531407
0.052559
0.0523471
0.0442661
0.041377
0.0527433
0.0435712
0.0539394
0.0482587
0.0427627
0.0575468
0.0564442
0.0553564
0.0585924
0.0547868
0.0578721
0.0503466
0.0582734
0.0455423
0.0480548
0.052639
0.0583103
0.0473437
0.0433243
0.0507233
0.0460826
0.0535073
0.0528326
0.0482117
0.0443301
0.0481765
0.044675
0.0419072
0.0490619
0.0443643
0.0540397
0.0433671
0.0519336
0.0566428
0.0479694
0.0566672
0.0419052
0.0424181
0.0551995
0.0574421
0.0559926
0.0419628
0.0417771
0.0455379
0.0564994
0.0416934
0.0539375
0.0502209
0.0441528
0.0572087
0.0585951
0.0553962
0.0471707
0.0568165
0.0447646
0.0436076
0.05037
0.048802
0.0423642
0.0464383
0.0561023
0.0468501
0.053581
0.0472316
0
0
0
0
0
0
0
0
0
0
1
1
1
1
1
1
0
0
0
0
0
0
0
0
0
0
1
1
1
1
1
1
0
0
0
0
0
0
0
0
0
0
1
1
1
1
1
1
0
0
0
0
0
0
0
0
0
0
1
1
1
1
1
1
0
0
0
0
0
0
0
0
0
0
1
1
1
1
1
1
0
0
0
0
0
0
0
0
0
0
1
1
1
1
1
1
0
0
0
0
0
0
0
0
0
0
0
0
0
0
0
0
0
0
0
0
0
0
0
0
0
0
0
0
0
0
0
0
0
0
0
0
0
0
0
0
0
0
0
0
0
0
0
0
0
0
0
0
0
0
0
0
0
0
0
0
0
0
0
0
0
0
0
0
0
0
0
0
0
0
0
0
0
0
0
0
0
0
0
0
0
0
0
0
0
0
0
0
0
0
0
0
0.94432  0.166667 0 0.143609
                       L0 neurons: 6
                       L1 neurons: 6
            Connected L0-L1 frac.: 1
                  Noise per layer: 4
                    Track classes: 6
                     Total events: 100
               Optimization loops: 10
             Optimize SNN params.: True
                  Optimize delays: True
             Optimize connections: False
                  Max mod. factor: 0.2
                Only 8-hit tracks: False
