12 16
6.7573 7.08257 0.266491 1.44467 1.27704 2.60793 3.31515 1.65714 1.28753
1e-10
0
1e-10
1e-10
1e-10
0
0
0
0
0
1e-10
1e-10
0
1e-10
1e-10
0
0
0
0
0
1e-10
0
1e-10
0
0
1e-10
1e-10
1e-10
1e-10
0
1e-10
0
0
1e-10
1e-10
1e-10
0
0
1e-10
1e-10
1e-10
1e-10
0
1e-10
0
0
1e-10
0
1e-10
0
1e-10
1e-10
1e-10
0
0
1e-10
0
1e-10
0
0
1e-10
1e-10
0
0
1e-10
1e-10
1e-10
1e-10
1e-10
0
1e-10
1e-10
0
0
1e-10
1e-10
0
1e-10
0
0
1e-10
0
1e-10
1e-10
0
0
0
0
1e-10
1e-10
0
1e-10
1e-10
0
0
0
0
1e-10
0
0
0
0
1e-10
1e-10
1e-10
0
1e-10
0
0
1e-10
0
1e-10
1e-10
1e-10
1e-10
0
1e-10
1e-10
1e-10
0
1e-10
0
1e-10
0
1e-10
0
1e-10
0
0
0
0
0
0
0
1e-10
0
1e-10
1e-10
0
0
0
1e-10
1e-10
1e-10
0
1e-10
1e-10
1e-10
1e-10
0
0
0
1e-10
0
0
1e-10
0
1e-10
1e-10
1e-10
1e-10
1e-10
1e-10
1e-10
0
0
1e-10
0
1e-10
0
0
1e-10
0
1e-10
1e-10
0
1e-10
1e-10
1e-10
1e-10
1e-10
1e-10
0
0
0
1e-10
0
1e-10
0
0
1e-10
0
0
0
0
0
0
0
0
0
0
0
1
1
1
1
1
1
0
0
0
0
0
0
0
0
0
0
1
1
1
1
1
1
0
0
0
0
0
0
0
0
0
0
1
1
1
1
1
1
0
0
0
0
0
0
0
0
0
0
1
1
1
1
1
1
0
0
0
0
0
0
0
0
0
0
1
1
1
1
1
1
0
0
0
0
0
0
0
0
0
0
1
1
1
1
1
1
0
0
0
0
0
0
0
0
0
0
0
0
0
0
0
0
0
0
0
0
0
0
0
0
0
0
0
0
0
0
0
0
0
0
0
0
0
0
0
0
0
0
0
0
0
0
0
0
0
0
0
0
0
0
0
0
0
0
0
0
0
0
0
0
0
0
0
0
0
0
0
0
0
0
0
0
0
0
0
0
0
0
0
0
0
0
0
0
0
0
0
0
0
0
0
0
7.82063  0.833333 0 0.656846
                       L0 neurons: 6
                       L1 neurons: 6
            Connected L0-L1 frac.: 1
                  Noise per layer: 3.90625
                    Track classes: 6
                     Total events: 10000
               Optimization loops: 100
             Optimize SNN params.: True
                  Optimize delays: True
             Optimize connections: False
                  Max mod. factor: 0.2
                  Only 10-hit tracks: False
