12 16
5.47009 4.62003 0.210032 0.880793 0.903579 2.59447 4.0354 3.64776 0.786926
0.0364072
0.0591357
0.0477163
0.0507279
0.0783989
0.0748051
0.069094
0.0470625
0.0678729
0.0756112
0.0398097
0.0550815
0.0610158
0.0354933
0.0719839
0.0528246
0.0512805
0.0653962
0.0696684
0.0450416
0.0415357
0.0461513
0.057171
0.0326969
0.0411458
0.0312333
0.0248555
0.0668661
0.0427786
0.0610688
0.051237
0.0788313
0.080143
0.058146
0.0597811
0.0383371
0.0553349
0.0811324
0.0407112
0.0414375
0.043304
0.0638184
0.0492072
0.03119
0.0396739
0.0342301
0.0364124
0.0401814
0.0258684
0.073701
0.0363791
0.0266783
0.0453369
0.0701398
0.0293994
0.0618102
0.0468179
0.0429288
0.0372803
0.0339861
0.0641097
0.0714818
0.0405512
0.0300359
0.0656162
0.0612742
0.0422561
0.0716829
0.0388785
0.0352635
0.0498291
0.0569392
0.0461194
0.047892
0.0216787
0.0419898
0.0677292
0.0273171
0.067617
0.033639
0.0675405
0.0424303
0.0582719
0.0458351
0.0498049
0.0384216
0.030424
0.0468938
0.0765376
0.0825805
0.0525489
0.0474131
0.033707
0.0579167
0.0452649
0.0359311
0.0637996
0.0479312
0.0315515
0.0221386
0.0469783
0.0424445
0.0217413
0.0270787
0.0421561
0.0709364
0.0521024
0.0354689
0.0386623
0.0308257
0.0648452
0.0566275
0.0520101
0.0224979
0.0425025
0.0550743
0.0566344
0.0704938
0.0643782
0.0299082
0.0336461
0.0486444
0.0329867
0.0558373
0.0592862
0.061597
0.0320826
0.03417
0.0566522
0.0673026
0.0403704
0.0429468
0.0433024
0.0656706
0.0223249
0.0464334
0.0602144
0.0274603
0.0489697
0.0427499
0.0364398
0.0806276
0.0225473
0.0502866
0.0587928
0.0593572
0.0565717
0.0554657
0.0653526
0.0414374
0.0339914
0.0708399
0.042218
0.0636288
0.0776891
0.0747722
0.0728942
0.0463579
0.0678116
0.0768769
0.0521559
0.073312
0.0556168
0.0451686
0.0703138
0.0614655
0.0362897
0.052321
0.0601692
0.0420148
0.0315262
0.0504852
0.0416179
0.0559671
0.0632482
0.0374154
0.0581725
0.0472111
0.0373469
0.0546815
0.0348582
0.0529901
0.0459829
0.0410436
0.0462504
0.0278793
0.0508868
0.0404444
0.056035
0.0570891
0.0617212
0.035221
0
0
0
0
0
0
0
0
0
0
1
1
1
1
1
1
0
0
0
0
0
0
0
0
0
0
1
1
1
1
1
1
0
0
0
0
0
0
0
0
0
0
1
1
1
1
1
1
0
0
0
0
0
0
0
0
0
0
1
1
1
1
1
1
0
0
0
0
0
0
0
0
0
0
1
1
1
1
1
1
0
0
0
0
0
0
0
0
0
0
1
1
1
1
1
1
0
0
0
0
0
0
0
0
0
0
0
0
0
0
0
0
0
0
0
0
0
0
0
0
0
0
0
0
0
0
0
0
0
0
0
0
0
0
0
0
0
0
0
0
0
0
0
0
0
0
0
0
0
0
0
0
0
0
0
0
0
0
0
0
0
0
0
0
0
0
0
0
0
0
0
0
0
0
0
0
0
0
0
0
0
0
0
0
0
0
0
0
0
0
0
0
6.82669  0.771465 0 0.602138
                       L0 neurons: 6
                       L1 neurons: 6
            Connected L0-L1 frac.: 1
                  Noise per layer: 2.048
                    Track classes: 6
                     Total events: 100000
               Optimization loops: 100
             Optimize SNN params.: True
                  Optimize delays: True
             Optimize connections: False
                  Max mod. factor: 0.2
                Only 8-hit tracks: False
