12 16
4.13438 5.30358 0.374671 1.08156 0.757718 3.32092 3.25073 1.89817 1.51831
0
0
0
0
0
1e-10
1e-10
0
1e-10
0
0
1e-10
1e-10
1e-10
1e-10
1e-10
0
1e-10
1e-10
1e-10
0
0
0
0
0
0
1e-10
1e-10
1e-10
0
1e-10
1e-10
0
1e-10
1e-10
1e-10
0
0
1e-10
0
1e-10
1e-10
1e-10
0
1e-10
1e-10
0
0
1e-10
1e-10
0
1e-10
1e-10
1e-10
0
0
0
1e-10
0
0
0
1e-10
0
0
0
1e-10
1e-10
0
1e-10
1e-10
0
1e-10
1e-10
0
0
1e-10
1e-10
1e-10
0
1e-10
1e-10
0
1e-10
1e-10
0
0
0
0
0
1e-10
1e-10
0
1e-10
0
1e-10
0
1e-10
1e-10
0
0
1e-10
1e-10
1e-10
0
0
0
1e-10
1e-10
0
1e-10
0
0
0
1e-10
0
0
0
0
0
1e-10
1e-10
1e-10
1e-10
1e-10
0
1e-10
1e-10
0
1e-10
1e-10
0
0
1e-10
0
0
1e-10
1e-10
1e-10
1e-10
0
0
1e-10
1e-10
1e-10
0
1e-10
1e-10
1e-10
0
1e-10
0
0
1e-10
0
0
1e-10
0
1e-10
1e-10
0
1e-10
0
0
1e-10
0
0
1e-10
0
1e-10
1e-10
1e-10
1e-10
0
0
1e-10
1e-10
0
0
0
1e-10
1e-10
0
0
1e-10
1e-10
1e-10
1e-10
0
0
1e-10
0
0
0
0
0
0
0
0
0
0
0
0
1
1
1
1
1
1
0
0
0
0
0
0
0
0
0
0
1
1
1
1
1
1
0
0
0
0
0
0
0
0
0
0
1
1
1
1
1
1
0
0
0
0
0
0
0
0
0
0
1
1
1
1
1
1
0
0
0
0
0
0
0
0
0
0
1
1
1
1
1
1
0
0
0
0
0
0
0
0
0
0
1
1
1
1
1
1
0
0
0
0
0
0
0
0
0
0
0
0
0
0
0
0
0
0
0
0
0
0
0
0
0
0
0
0
0
0
0
0
0
0
0
0
0
0
0
0
0
0
0
0
0
0
0
0
0
0
0
0
0
0
0
0
0
0
0
0
0
0
0
0
0
0
0
0
0
0
0
0
0
0
0
0
0
0
0
0
0
0
0
0
0
0
0
0
0
0
0
0
0
0
0
0
8.21909  1 0 0.53051
                       L0 neurons: 6
                       L1 neurons: 6
            Connected L0-L1 frac.: 1
                  Noise per layer: 3.90625
                    Track classes: 1
                     Total events: 10000
               Optimization loops: 100
             Optimize SNN params.: True
                  Optimize delays: True
             Optimize connections: False
                  Max mod. factor: 0.2
                  Only 10-hit tracks: False
