12 16
3.53234 8.19446 0.310588 1.75184 0.652982 1.79443 3.05171 2.60015 1.107
0
1e-10
1e-10
0
1e-10
0
1e-10
0
1e-10
0
0
0
1e-10
1e-10
1e-10
0
1e-10
0
1e-10
0
1e-10
0
0
0
1e-10
0
1e-10
0
0
1e-10
0
0
0
1e-10
0
1e-10
1e-10
0
0
1e-10
1e-10
0
1e-10
0
0
1e-10
0
1e-10
1e-10
0
1e-10
0
1e-10
0
1e-10
1e-10
1e-10
1e-10
0
0
1e-10
0
0
1e-10
1e-10
0
1e-10
0
1e-10
1e-10
0
1e-10
0
1e-10
0
1e-10
0
0
1e-10
1e-10
0
0
0
0
0
0
0
0
0
1e-10
1e-10
0
0
0
0
0
1e-10
0
1e-10
0
1e-10
1e-10
0
1e-10
0
1e-10
1e-10
1e-10
0
0
1e-10
1e-10
0
0
1e-10
1e-10
0
1e-10
0
0
0
0
0
0
1e-10
1e-10
0
0
0
1e-10
1e-10
0
1e-10
1e-10
1e-10
1e-10
1e-10
1e-10
1e-10
0
0
1e-10
0
0
1e-10
1e-10
1e-10
1e-10
1e-10
0
0
0
0
1e-10
0
0
0
1e-10
0
0
0
1e-10
0
0
0
1e-10
0
0
1e-10
0
0
0
1e-10
1e-10
0
0
0
1e-10
1e-10
0
1e-10
0
1e-10
0
0
1e-10
1e-10
0
0
1e-10
0
1e-10
0
0
0
0
0
0
0
0
0
0
1
1
1
1
1
1
0
0
0
0
0
0
0
0
0
0
1
1
1
1
1
1
0
0
0
0
0
0
0
0
0
0
1
1
1
1
1
1
0
0
0
0
0
0
0
0
0
0
1
1
1
1
1
1
0
0
0
0
0
0
0
0
0
0
1
1
1
1
1
1
0
0
0
0
0
0
0
0
0
0
1
1
1
1
1
1
0
0
0
0
0
0
0
0
0
0
0
0
0
0
0
0
0
0
0
0
0
0
0
0
0
0
0
0
0
0
0
0
0
0
0
0
0
0
0
0
0
0
0
0
0
0
0
0
0
0
0
0
0
0
0
0
0
0
0
0
0
0
0
0
0
0
0
0
0
0
0
0
0
0
0
0
0
0
0
0
0
0
0
0
0
0
0
0
0
0
0
0
0
0
0
0
8.22354  0.954321 0 0.565191
                       L0 neurons: 6
                       L1 neurons: 6
            Connected L0-L1 frac.: 1
                  Noise per layer: 3.90625
                    Track classes: 6
                     Total events: 100000
               Optimization loops: 100
             Optimize SNN params.: True
                  Optimize delays: True
             Optimize connections: False
                  Max mod. factor: 0.2
                  Only 10-hit tracks: False
